367 120 338 471
1044 82 361 114
709 163 1335 354
533 452 101 1439
213 658 321 952 
199 1667 222 115
47 1866 79 70
96 1908 118 102 
321 1952 145 81
697 1967 95 62
1235 521 151 109 
1433 522 265 83
949 569 71 52
885 642 59 70
927 925 100 75
633 1156 216 79
807 995 100 90
859 1086 45 145 
1170 1546 226 72
1313 958 200 82
1448 1044 70 91
1285 1043 107 26
1372 1078 30 76
1135 1034 100 27
1106 1083 85 76
1184 1135 153 102
1003 1222 135 115 
1132 1266 90 33
1132 1299 45 76
1284 1256 118 37
1379 1200 19 50
